---------------------------------------------------------------------------------------------------------------
lambda	AvgTurnaround	Throughput		CPU Utilization		Avg Processes in RQ in RQ
---------------------------------------------------------------------------------------------------------------
1		78740.5			0.0601266		0.999929			78723.8
2		73736.1			0.0601284		0.999859			36859.7
3		68737.9			0.0601178		0.999788			22907.1
4		63731.7			0.0600985		0.999717			15928.8
5		58740.8			0.0600823		0.999647			11744.8
6		53734.5			0.060105		0.999576			8952.99
7		48731.9			0.0600886		0.999506			6959.32
